offsets?

int[][] { { -2, -5 }, { -3, -1 } }
drawX(pos.x - offset.x)
drawY(pos.y - offset.y)

map of each field -> 0 / 1
int[][] {
    { 0, 0, 0, 0, 0, 0, 0, 0, 0, 0, 0, 0 ... },
    { 0, 0, 0, 0, 0, 0, 0, 0, 0, 0, 0, 0 ... },
    { 0, 0, 0, 0, 0, 0, 0, 0, 1, 1, 0, 0 ... },
    { 0, 0, 0, 0, 0, 0, 0, 0, 1, 0, 0, 0 ... },
    { 0, 0, 2, 0, 0, 0, 0, 0, 1, 1, 1, 0 ... },
    { 0, 0, 0, 0, 0, 0, 0, 0, 0, 0, 1, 0 ... },
    { 0, 0, 0, 0, 0, 0, 0, 0, 0, 0, 1, 0 ... },
    { 0, 0, 0, 0, 0, 0, 0, 0, 0, 0, 1, 0 ... },
    { 0, 0, 0, 0, 0, 0, 0, 2, 0, 0, 1, 0 ... },
    { 0, 0, 0, 0, 0, 0, 0, 0, 0, 0, 1, 0 ... },
    { 0, 2, 0, 0, 0, 0, 0, 0, 0, 0, 0, 2 ... },
    { 0, 0, 0, 0, 0, 0, 0, 0, 0, 0, 0, 0 ... },
    ...
}
